8 8
10.737473 0.916534 0.191908 0.404051 0.877189 0.921128 0.398705 0.027958
0.916534 9.826342 0.889614 0.750597 0.286784 0.985840 0.005652 0.991320
0.191908 0.889614 6.619514 0.120617 0.212501 0.509500 0.166867 0.528506
0.404051 0.750597 0.120617 7.251897 0.596254 0.240364 0.797010 0.343004
0.877189 0.286784 0.212501 0.596254 9.589036 0.872205 0.148188 0.595914
0.921128 0.985840 0.509500 0.240364 0.872205 8.206585 0.529134 0.148415
0.398705 0.005652 0.166867 0.797010 0.148188 0.529134 6.449530 0.403975
0.027958 0.991320 0.528506 0.343004 0.595914 0.148415 0.403975 9.039092