128 128
64.816065 0.132556 0.430964 0.155030 0.206042 0.288298 0.062380 0.030662 0.390853 0.418153 0.550354 0.714224 0.871488 0.214949 0.769531 0.716972 0.731530 0.023615 0.567440 0.542333 0.722875 0.926026 0.938739 0.476346 0.231035 0.958073 0.097179 0.560346 0.697940 0.342092 0.416059 0.650860 0.474649 0.847022 0.805890 0.680691 0.135320 0.868270 0.711353 0.526173 0.286423 0.261707 0.240397 0.157911 0.476656 0.009928 0.874883 0.208187 0.033543 0.442323 0.750520 0.756418 0.368349 0.689259 0.232764 0.599384 0.647332 0.329943 0.159730 0.345272 0.672035 0.575789 0.996132 0.146684 0.422811 0.802022 0.827375 0.558131 0.670292 0.538728 0.084304 0.956715 0.800435 0.324701 0.114627 0.277091 0.334629 0.989510 0.485278 0.368173 0.431833 0.235798 0.124591 0.800182 0.925057 0.357355 0.399566 0.572389 0.687298 0.559296 0.917661 0.359333 0.135085 0.913793 0.506016 0.557896 0.715815 0.333391 0.116027 0.386107 0.872119 0.200330 0.342823 0.672554 0.525031 0.457449 0.949645 0.859661 0.446959 0.434923 0.227833 0.878792 0.670721 0.352424 0.678974 0.595778 0.709779 0.078540 0.168166 0.397077 0.637837 0.085827 0.756410 0.772922 0.999620 0.262426 0.330818 0.715435
0.132556 66.298160 0.595817 0.446844 0.101542 0.467936 0.647175 0.444365 0.140489 0.172206 0.901814 0.090134 0.031867 0.348773 0.525057 0.259700 0.227565 0.195778 0.612125 0.906539 0.791556 0.321904 0.985080 0.959722 0.718981 0.622917 0.045549 0.475391 0.395838 0.045169 0.737817 0.726656 0.760604 0.333634 0.173500 0.862146 0.801569 0.820674 0.306510 0.942059 0.992880 0.208324 0.032193 0.024747 0.557097 0.557250 0.284447 0.784662 0.753028 0.896572 0.691202 0.544584 0.218476 0.676282 0.504306 0.937457 0.299198 0.549855 0.412848 0.695037 0.595024 0.150664 0.421692 0.355628 0.484298 0.595192 0.217774 0.285867 0.415867 0.524285 0.227926 0.408747 0.732609 0.260119 0.433494 0.289706 0.817368 0.717941 0.074369 0.570396 0.614513 0.765571 0.114980 0.832990 0.441852 0.619286 0.770447 0.741051 0.169141 0.183294 0.436087 0.764165 0.333959 0.857779 0.119793 0.818257 0.452971 0.337567 0.104124 0.868838 0.861852 0.332050 0.277585 0.594461 0.592168 0.711079 0.884167 0.409537 0.429021 0.958536 0.979933 0.043534 0.724106 0.094912 0.876524 0.165958 0.714198 0.646970 0.907009 0.883339 0.830265 0.343096 0.647504 0.164223 0.200875 0.767298 0.982480 0.653847
0.430964 0.595817 65.480518 0.104865 0.086604 0.522685 0.966717 0.418654 0.800270 0.561178 0.010822 0.511349 0.445345 0.420358 0.940370 0.403880 0.400291 0.983904 0.127987 0.495203 0.860427 0.293945 0.209401 0.507398 0.200954 0.092740 0.337662 0.544050 0.740244 0.501886 0.744925 0.507542 0.484365 0.398772 0.612407 0.570969 0.921457 0.579124 0.989623 0.721727 0.140302 0.000445 0.233076 0.585647 0.420803 0.173445 0.989527 0.821094 0.157349 0.117514 0.316297 0.017776 0.411459 0.525699 0.525174 0.612413 0.618439 0.862836 0.156463 0.358684 0.364722 0.901388 0.866226 0.849087 0.300160 0.478633 0.420056 0.221617 0.057757 0.409679 0.943344 0.198059 0.410124 0.176419 0.783706 0.830927 0.349865 0.773233 0.652021 0.507214 0.890747 0.968318 0.524990 0.302206 0.494017 0.050164 0.914619 0.112456 0.913001 0.071081 0.471140 0.277722 0.972469 0.337365 0.126810 0.272629 0.815998 0.546866 0.494246 0.873755 0.956545 0.437589 0.071814 0.366669 0.614009 0.855520 0.197596 0.963874 0.628753 0.849617 0.471088 0.519500 0.817935 0.996078 0.821706 0.311952 0.046242 0.736325 0.424408 0.959243 0.807406 0.895547 0.236966 0.779876 0.232913 0.363775 0.052505 0.048910
0.155030 0.446844 0.104865 67.800473 0.910641 0.546750 0.922665 0.867187 0.984340 0.994479 0.233856 0.598348 0.849998 0.431452 0.562222 0.478751 0.281069 0.033310 0.998251 0.099004 0.029388 0.819957 0.410956 0.075630 0.556282 0.835364 0.034873 0.363688 0.730912 0.271839 0.143564 0.963824 0.635614 0.196068 0.012734 0.546255 0.742819 0.935400 0.413442 0.727158 0.929878 0.647298 0.325507 0.779877 0.078751 0.887729 0.258628 0.359820 0.921038 0.256879 0.458824 0.950426 0.076836 0.869781 0.026056 0.633118 0.705145 0.060930 0.996806 0.436057 0.332769 0.140369 0.399881 0.968383 0.336438 0.412615 0.514638 0.079256 0.348015 0.928081 0.806414 0.277893 0.575379 0.131921 0.057769 0.654130 0.019650 0.316397 0.013950 0.940688 0.573276 0.472774 0.891114 0.650112 0.342555 0.917171 0.283229 0.047700 0.978101 0.280035 0.483757 0.310869 0.420404 0.883637 0.279252 0.756842 0.296252 0.793890 0.836098 0.644267 0.721971 0.642513 0.922159 0.297350 0.774434 0.979929 0.951480 0.794084 0.296326 0.965430 0.734772 0.869602 0.438204 0.625886 0.519713 0.780759 0.543057 0.802942 0.828459 0.521158 0.082977 0.312216 0.832027 0.503382 0.195853 0.111279 0.260224 0.492105
0.206042 0.101542 0.086604 0.910641 60.382324 0.905169 0.096322 0.136372 0.627140 0.738835 0.058531 0.924490 0.513268 0.038460 0.875970 0.307352 0.334786 0.841399 0.042124 0.204387 0.279603 0.668010 0.724100 0.060362 0.211067 0.527043 0.888821 0.732225 0.610020 0.201037 0.564252 0.113402 0.396890 0.675530 0.373626 0.888995 0.580700 0.469948 0.025366 0.207840 0.208782 0.083897 0.132329 0.722051 0.122357 0.008299 0.029403 0.457143 0.849698 0.071527 0.661530 0.129301 0.739537 0.385631 0.189663 0.950604 0.912673 0.078485 0.682829 0.522693 0.279522 0.247080 0.636095 0.676411 0.922611 0.009721 0.565406 0.503310 0.479668 0.590772 0.711150 0.688451 0.674670 0.843479 0.410501 0.797027 0.851778 0.439904 0.254170 0.701477 0.511431 0.915700 0.830778 0.250967 0.301331 0.020441 0.201571 0.214004 0.098926 0.884400 0.736698 0.378447 0.131480 0.372793 0.054859 0.054091 0.382514 0.620264 0.557401 0.862182 0.211037 0.268551 0.550633 0.885706 0.112031 0.961134 0.682733 0.963809 0.401038 0.936903 0.665286 0.912469 0.852603 0.496063 0.163436 0.153934 0.516505 0.365008 0.367938 0.615430 0.249407 0.104636 0.993878 0.380888 0.477429 0.048736 0.434979 0.859942
0.288298 0.467936 0.522685 0.546750 0.905169 62.790840 0.669001 0.992380 0.722124 0.880037 0.260931 0.272757 0.765743 0.372962 0.233891 0.448476 0.336771 0.634929 0.385379 0.002057 0.547398 0.237982 0.498120 0.710835 0.391916 0.014625 0.075842 0.759854 0.630055 0.325250 0.864490 0.623933 0.706137 0.341918 0.672669 0.141116 0.201860 0.341670 0.133496 0.923985 0.221707 0.394427 0.196742 0.987450 0.767390 0.430633 0.435927 0.104161 0.065563 0.821306 0.106218 0.612961 0.059288 0.604338 0.323796 0.451204 0.618962 0.399638 0.211058 0.249017 0.724887 0.075548 0.872950 0.431025 0.417466 0.545619 0.572141 0.619326 0.887289 0.705637 0.543311 0.108996 0.100064 0.740053 0.096446 0.867454 0.170686 0.532373 0.971614 0.236249 0.353679 0.077832 0.849210 0.412967 0.682170 0.173006 0.864171 0.301132 0.572644 0.075229 0.550149 0.297531 0.150777 0.423099 0.728556 0.568243 0.968718 0.300696 0.187569 0.856007 0.006333 0.730880 0.965002 0.106396 0.470933 0.061449 0.973850 0.641620 0.593821 0.945464 0.877869 0.947500 0.023296 0.727079 0.360467 0.705466 0.900085 0.224639 0.006598 0.472728 0.299868 0.556747 0.770259 0.450645 0.979846 0.498815 0.018888 0.948565
0.062380 0.647175 0.966717 0.922665 0.096322 0.669001 72.040514 0.799511 0.206457 0.804572 0.805843 0.937337 0.769574 0.912240 0.408271 0.831023 0.886090 0.049890 0.424844 0.831554 0.927759 0.372344 0.854850 0.654838 0.732812 0.560316 0.554923 0.957450 0.566914 0.027651 0.257318 0.123662 0.797910 0.707963 0.103508 0.296724 0.726850 0.052073 0.096235 0.933307 0.856644 0.902078 0.870644 0.626218 0.814318 0.278915 0.457241 0.700407 0.328805 0.882085 0.531961 0.256564 0.254429 0.386812 0.911402 0.987241 0.947128 0.466325 0.944691 0.514043 0.493975 0.202009 0.637705 0.291885 0.909972 0.741213 0.588610 0.636823 0.793286 0.684845 0.570130 0.649930 0.586923 0.440774 0.276149 0.401241 0.719689 0.733390 0.101648 0.048494 0.615475 0.633609 0.305059 0.869904 0.020421 0.216461 0.857145 0.967550 0.682786 0.801836 0.481593 0.176761 0.003845 0.119297 0.468646 0.913817 0.860510 0.057256 0.550640 0.653796 0.742100 0.120769 0.303726 0.329023 0.561544 0.579875 0.730264 0.281233 0.313264 0.831912 0.329727 0.928739 0.465521 0.634786 0.798643 0.485943 0.851247 0.655787 0.453492 0.534032 0.457623 0.935085 0.710793 0.461468 0.054382 0.179439 0.375285 0.914892
0.030662 0.444365 0.418654 0.867187 0.136372 0.992380 0.799511 63.530109 0.236695 0.925925 0.568688 0.978795 0.046694 0.872414 0.307818 0.608238 0.452289 0.038082 0.889471 0.765553 0.869994 0.219198 0.694292 0.335515 0.853984 0.492934 0.821457 0.705230 0.148722 0.274950 0.239262 0.606345 0.210035 0.950055 0.067813 0.264417 0.129494 0.443099 0.179309 0.366189 0.369024 0.747997 0.344984 0.415718 0.620411 0.652802 0.023956 0.072700 0.690884 0.913426 0.838253 0.560878 0.132624 0.532544 0.896392 0.986608 0.025478 0.717850 0.691838 0.174200 0.992799 0.931100 0.780545 0.202834 0.881155 0.848358 0.467251 0.010649 0.291457 0.646560 0.376838 0.660480 0.394557 0.721822 0.076198 0.014968 0.374624 0.100154 0.087668 0.065508 0.013580 0.925921 0.626386 0.146204 0.458465 0.522778 0.132812 0.483943 0.240628 0.824650 0.658143 0.233427 0.755750 0.438688 0.436261 0.636905 0.287045 0.903512 0.647554 0.578502 0.550072 0.024392 0.238982 0.944629 0.746213 0.315180 0.959597 0.120837 0.415334 0.047265 0.186346 0.428914 0.973186 0.812732 0.575118 0.431651 0.335510 0.707930 0.915594 0.576138 0.532580 0.573736 0.809565 0.288330 0.012424 0.245826 0.925235 0.299469
0.390853 0.140489 0.800270 0.984340 0.627140 0.722124 0.206457 0.236695 66.705214 0.149338 0.572789 0.877971 0.699410 0.597180 0.116953 0.644038 0.343393 0.432133 0.603635 0.464231 0.847467 0.650900 0.650576 0.276381 0.624086 0.463308 0.851499 0.055737 0.798818 0.559429 0.971331 0.374956 0.092009 0.545067 0.184521 0.380339 0.557491 0.430347 0.305574 0.856960 0.579685 0.878363 0.734932 0.279095 0.475543 0.851885 0.923133 0.818936 0.284019 0.526768 0.283167 0.131485 0.177669 0.933743 0.407866 0.801755 0.397051 0.259365 0.857492 0.195869 0.818793 0.828822 0.570825 0.910802 0.373889 0.755346 0.291141 0.931380 0.185693 0.596715 0.788340 0.765378 0.475078 0.523272 0.044473 0.950621 0.375157 0.967606 0.769557 0.659176 0.494375 0.052723 0.790661 0.672043 0.986467 0.198527 0.473798 0.383518 0.457892 0.331290 0.579386 0.276685 0.160112 0.150211 0.187487 0.534001 0.905557 0.478629 0.465381 0.091250 0.075344 0.253722 0.856628 0.550422 0.776994 0.901102 0.501043 0.152151 0.868708 0.270599 0.811327 0.363083 0.323323 0.601988 0.035126 0.309789 0.800516 0.508924 0.693307 0.258407 0.840214 0.272693 0.535093 0.000326 0.422904 0.722580 0.534327 0.328461
0.418153 0.172206 0.561178 0.994479 0.738835 0.880037 0.804572 0.925925 0.149338 66.498426 0.201209 0.999709 0.419711 0.276553 0.253430 0.276339 0.826975 0.030424 0.177440 0.328018 0.182575 0.046148 0.598617 0.993902 0.409231 0.921939 0.595890 0.444357 0.231729 0.396406 0.953281 0.925035 0.654813 0.793495 0.197729 0.189906 0.793821 0.620633 0.912486 0.328148 0.949094 0.113695 0.327857 0.368804 0.390248 0.581287 0.645143 0.217223 0.611711 0.822583 0.545241 0.794286 0.868731 0.143857 0.788188 0.277962 0.065797 0.384078 0.722319 0.297525 0.780484 0.675600 0.222561 0.435297 0.469095 0.420289 0.625202 0.262916 0.040922 0.537688 0.591064 0.990016 0.651383 0.918921 0.358820 0.041631 0.500209 0.003963 0.258854 0.111920 0.826547 0.804095 0.906206 0.695278 0.947952 0.694395 0.973240 0.013749 0.078473 0.695560 0.311274 0.858957 0.371160 0.533834 0.294253 0.840255 0.954124 0.919456 0.103171 0.995046 0.457144 0.694236 0.985062 0.108527 0.613157 0.343882 0.150158 0.113366 0.347846 0.409012 0.225286 0.174392 0.213106 0.131492 0.869670 0.161058 0.825887 0.842911 0.174807 0.904360 0.538471 0.486081 0.763316 0.909631 0.019915 0.057569 0.749886 0.974039
0.550354 0.901814 0.010822 0.233856 0.058531 0.260931 0.805843 0.568688 0.572789 0.201209 65.737559 0.977025 0.853057 0.969085 0.434169 0.547293 0.954147 0.542696 0.160450 0.298029 0.692854 0.273815 0.645875 0.101866 0.499101 0.820267 0.314972 0.630593 0.689937 0.476030 0.456480 0.532848 0.650837 0.360840 0.071319 0.136918 0.124156 0.980949 0.156833 0.181725 0.730835 0.130871 0.158750 0.583892 0.099956 0.592919 0.131185 0.054103 0.135615 0.291634 0.352132 0.828469 0.565450 0.998007 0.930335 0.064551 0.818274 0.245307 0.695144 0.508211 0.721337 0.151624 0.041059 0.372174 0.512464 0.112378 0.509092 0.636620 0.093328 0.665924 0.818345 0.824163 0.796796 0.977096 0.408055 0.896752 0.570015 0.539239 0.950855 0.705631 0.830874 0.302987 0.534100 0.396323 0.300994 0.464435 0.460874 0.119268 0.709742 0.156018 0.627479 0.431079 0.307643 0.668539 0.803253 0.820107 0.780917 0.312345 0.456727 0.874244 0.978269 0.275072 0.698407 0.775065 0.252168 0.106462 0.671817 0.822183 0.645701 0.622672 0.527813 0.476575 0.925659 0.061913 0.872898 0.226654 0.526348 0.333773 0.345921 0.236090 0.489791 0.973401 0.667170 0.797434 0.641939 0.470423 0.617541 0.422856
0.714224 0.090134 0.511349 0.598348 0.924490 0.272757 0.937337 0.978795 0.877971 0.999709 0.977025 65.128858 0.782768 0.074268 0.297100 0.761038 0.349340 0.995507 0.536103 0.601508 0.101969 0.207920 0.423690 0.747670 0.830592 0.951504 0.224245 0.756252 0.013417 0.097144 0.982905 0.539765 0.430917 0.328827 0.775855 0.920708 0.302227 0.443025 0.718142 0.944167 0.913448 0.335683 0.367022 0.696216 0.409950 0.664123 0.457254 0.759290 0.659630 0.993357 0.360798 0.761599 0.201277 0.784488 0.509269 0.031869 0.735992 0.733515 0.788121 0.749409 0.830658 0.771027 0.289174 0.261575 0.099854 0.065029 0.182283 0.402081 0.508054 0.900424 0.346248 0.421502 0.236107 0.713270 0.117719 0.646057 0.377393 0.574972 0.405348 0.037022 0.568329 0.766145 0.798621 0.769606 0.550634 0.307891 0.801475 0.286625 0.041405 0.589596 0.036034 0.872064 0.360623 0.325208 0.133639 0.460476 0.390237 0.315921 0.862557 0.898292 0.216346 0.208805 0.319794 0.452453 0.922075 0.437513 0.098510 0.299467 0.012485 0.503858 0.336490 0.580814 0.270003 0.135111 0.350420 0.820637 0.443002 0.151895 0.107262 0.484407 0.741491 0.143296 0.356470 0.102114 0.468504 0.490109 0.562591 0.858741
0.871488 0.031867 0.445345 0.849998 0.513268 0.765743 0.769574 0.046694 0.699410 0.419711 0.853057 0.782768 66.815313 0.806030 0.425148 0.757033 0.022376 0.633953 0.076827 0.474828 0.556028 0.514339 0.573338 0.855495 0.526824 0.077196 0.191985 0.107638 0.347199 0.327096 0.458058 0.167836 0.770098 0.609953 0.275098 0.254504 0.351445 0.418393 0.610975 0.453559 0.886897 0.101084 0.016149 0.745638 0.907114 0.441297 0.502671 0.929489 0.075250 0.579498 0.404318 0.631278 0.093837 0.977656 0.486773 0.620661 0.054852 0.678758 0.728300 0.402051 0.005854 0.186358 0.569887 0.775952 0.796311 0.844984 0.030456 0.147756 0.263378 0.641431 0.601315 0.150275 0.742515 0.617464 0.895913 0.649629 0.058761 0.398584 0.579118 0.134012 0.978081 0.983436 0.765290 0.071918 0.961091 0.252063 0.692580 0.015943 0.930821 0.420880 0.417994 0.936675 0.607238 0.987881 0.712627 0.403549 0.832865 0.743084 0.551305 0.096243 0.384515 0.152620 0.246518 0.127030 0.770084 0.142431 0.776658 0.828846 0.541015 0.355776 0.962858 0.519096 0.339212 0.728147 0.591015 0.300303 0.980210 0.283595 0.316246 0.911031 0.704474 0.734241 0.847707 0.311712 0.722122 0.560334 0.715261 0.554987
0.214949 0.348773 0.420358 0.431452 0.038460 0.372962 0.912240 0.872414 0.597180 0.276553 0.969085 0.074268 0.806030 68.119887 0.303418 0.266567 0.651230 0.687933 0.419187 0.897748 0.814962 0.189272 0.040179 0.591621 0.018117 0.581194 0.947397 0.980975 0.100291 0.286608 0.709122 0.691306 0.586911 0.689332 0.974900 0.903158 0.600364 0.679375 0.637398 0.448071 0.991087 0.359520 0.008405 0.706348 0.914507 0.311823 0.972915 0.565737 0.999756 0.392102 0.463485 0.814718 0.581374 0.503665 0.406339 0.599491 0.084859 0.353735 0.580466 0.185150 0.640343 0.289588 0.876455 0.227255 0.978920 0.851355 0.130413 0.579284 0.530730 0.767811 0.027355 0.521817 0.127331 0.035760 0.228165 0.041838 0.347582 0.201080 0.607576 0.347338 0.593183 0.071061 0.162056 0.174557 0.574725 0.568394 0.774048 0.659584 0.922129 0.354514 0.844734 0.562473 0.644102 0.721189 0.789728 0.623022 0.572544 0.920140 0.202307 0.103275 0.687952 0.229661 0.625091 0.815283 0.265421 0.853257 0.857121 0.613003 0.054337 0.464697 0.960341 0.647520 0.535758 0.122397 0.822077 0.110483 0.690791 0.596124 0.770067 0.612921 0.950638 0.614801 0.175394 0.594740 0.335990 0.965121 0.217763 0.908534
0.769531 0.525057 0.940370 0.562222 0.875970 0.233891 0.408271 0.307818 0.116953 0.253430 0.434169 0.297100 0.425148 0.303418 62.403944 0.885262 0.420069 0.011809 0.573214 0.649731 0.636900 0.388497 0.915151 0.490157 0.245618 0.528155 0.544494 0.710315 0.488496 0.192014 0.246073 0.610893 0.014091 0.356556 0.301684 0.610215 0.126623 0.914604 0.560853 0.741424 0.089998 0.155593 0.077414 0.055119 0.373356 0.985948 0.940381 0.793425 0.997757 0.513595 0.443155 0.634657 0.902091 0.358307 0.124814 0.147709 0.886461 0.669309 0.858024 0.374957 0.861323 0.104097 0.985850 0.875414 0.460652 0.287533 0.485629 0.587275 0.202138 0.046482 0.328699 0.292136 0.202075 0.406113 0.347255 0.575431 0.392062 0.287636 0.368856 0.389819 0.801231 0.812011 0.024476 0.703323 0.170318 0.149290 0.851032 0.056779 0.818599 0.709056 0.431737 0.679922 0.813153 0.417586 0.555336 0.273805 0.705120 0.040964 0.861081 0.907258 0.087446 0.189780 0.199393 0.289521 0.595893 0.546649 0.864952 0.987955 0.834285 0.233808 0.377773 0.635516 0.045819 0.402249 0.338839 0.216137 0.551540 0.189870 0.272916 0.370139 0.898926 0.704653 0.050060 0.712079 0.122239 0.605396 0.985884 0.827359
0.716972 0.259700 0.403880 0.478751 0.307352 0.448476 0.831023 0.608238 0.644038 0.276339 0.547293 0.761038 0.757033 0.266567 0.885262 64.275053 0.646360 0.846965 0.734616 0.733806 0.036745 0.934010 0.023328 0.632638 0.480659 0.888280 0.620593 0.314944 0.122088 0.998367 0.950460 0.167906 0.400616 0.289298 0.384043 0.952155 0.479169 0.656959 0.322294 0.378095 0.361612 0.372354 0.090174 0.483851 0.977750 0.076059 0.311210 0.624110 0.923023 0.045826 0.357917 0.959768 0.979836 0.381244 0.592406 0.460494 0.269524 0.212999 0.775438 0.391612 0.211366 0.725898 0.559518 0.611982 0.015196 0.943561 0.564137 0.494365 0.600520 0.886431 0.872461 0.962132 0.258785 0.962635 0.445983 0.236535 0.038694 0.757193 0.860646 0.961717 0.803019 0.218562 0.921485 0.782854 0.599807 0.513891 0.243349 0.869331 0.726891 0.018787 0.260942 0.938257 0.744684 0.820460 0.550239 0.759880 0.764021 0.114376 0.254246 0.364542 0.000807 0.126706 0.326674 0.259592 0.089341 0.772657 0.496128 0.128035 0.529849 0.356774 0.089752 0.332868 0.575336 0.011237 0.115722 0.175142 0.525128 0.359071 0.044473 0.252019 0.377858 0.305415 0.190276 0.122542 0.125875 0.740515 0.882423 0.889897
0.731530 0.227565 0.400291 0.281069 0.334786 0.336771 0.886090 0.452289 0.343393 0.826975 0.954147 0.349340 0.022376 0.651230 0.420069 0.646360 62.189943 0.854891 0.136668 0.254439 0.855698 0.263374 0.581112 0.115290 0.352715 0.353769 0.611418 0.480750 0.883619 0.968192 0.570502 0.216487 0.543527 0.581739 0.332209 0.718670 0.106867 0.691280 0.763143 0.358886 0.069138 0.068558 0.549162 0.191680 0.194434 0.289677 0.074103 0.084330 0.144568 0.210771 0.338769 0.000265 0.474145 0.919881 0.115555 0.826860 0.273651 0.726973 0.307611 0.157270 0.695165 0.878113 0.373756 0.238692 0.459851 0.705966 0.957362 0.566718 0.397246 0.720505 0.925604 0.466384 0.789063 0.474767 0.658064 0.983497 0.764444 0.732166 0.067827 0.909011 0.942937 0.406596 0.909276 0.417082 0.326478 0.024832 0.243943 0.600129 0.751805 0.551553 0.757398 0.446970 0.429666 0.131155 0.685662 0.889517 0.837120 0.643024 0.456235 0.234366 0.363529 0.381839 0.700750 0.152593 0.856606 0.358814 0.136090 0.621050 0.090980 0.203917 0.530061 0.033918 0.610514 0.439337 0.451000 0.936992 0.464169 0.694942 0.537120 0.215974 0.246496 0.294519 0.662944 0.676162 0.425673 0.348606 0.565679 0.262794
0.023615 0.195778 0.983904 0.033310 0.841399 0.634929 0.049890 0.038082 0.432133 0.030424 0.542696 0.995507 0.633953 0.687933 0.011809 0.846965 0.854891 64.700175 0.991631 0.021914 0.497160 0.355160 0.403753 0.197910 0.507753 0.260359 0.556724 0.643843 0.881409 0.647704 0.847760 0.411470 0.681621 0.458274 0.850807 0.132621 0.395266 0.314976 0.827564 0.932386 0.530950 0.074060 0.226905 0.193894 0.750221 0.652578 0.542500 0.315900 0.915372 0.534131 0.337814 0.412531 0.889291 0.741567 0.610441 0.397044 0.001927 0.167164 0.040887 0.883336 0.814868 0.888647 0.294805 0.496490 0.346921 0.145612 0.629111 0.742187 0.460588 0.456675 0.674573 0.991538 0.530734 0.901477 0.185432 0.280955 0.554055 0.727932 0.596855 0.469427 0.262063 0.934669 0.881958 0.151354 0.676236 0.492399 0.548398 0.678163 0.659563 0.589285 0.561499 0.474431 0.477932 0.856304 0.970921 0.824853 0.001916 0.600032 0.567040 0.462504 0.056706 0.241612 0.454042 0.587441 0.143090 0.639474 0.868396 0.697145 0.367406 0.465251 0.166572 0.629469 0.399921 0.048530 0.780823 0.076157 0.540928 0.329221 0.754320 0.200491 0.918507 0.315819 0.674922 0.396439 0.172123 0.645843 0.221292 0.174039
0.567440 0.612125 0.127987 0.998251 0.042124 0.385379 0.424844 0.889471 0.603635 0.177440 0.160450 0.536103 0.076827 0.419187 0.573214 0.734616 0.136668 0.991631 61.220090 0.245875 0.788332 0.636543 0.302581 0.029944 0.090585 0.890022 0.173034 0.730059 0.758418 0.870179 0.097464 0.223669 0.036751 0.726933 0.623590 0.085280 0.507756 0.699747 0.626208 0.836978 0.454067 0.826700 0.755484 0.769886 0.501622 0.151923 0.942009 0.147465 0.373215 0.116048 0.393340 0.161547 0.752592 0.695921 0.191491 0.843177 0.585943 0.364525 0.573235 0.344361 0.234704 0.670700 0.568030 0.271454 0.397633 0.191620 0.356735 0.905389 0.891366 0.982943 0.742367 0.345433 0.809643 0.497851 0.115319 0.311265 0.649774 0.057328 0.458730 0.022989 0.173376 0.852070 0.184536 0.925968 0.547991 0.376027 0.769145 0.133934 0.740552 0.342380 0.478295 0.975256 0.013080 0.046325 0.246710 0.410713 0.237945 0.603445 0.316102 0.129311 0.586388 0.058469 0.474745 0.396031 0.556319 0.590064 0.707295 0.206093 0.647392 0.166025 0.229082 0.820768 0.018095 0.413618 0.746736 0.566086 0.789645 0.515881 0.700021 0.530198 0.858261 0.178316 0.505454 0.871341 0.224642 0.752164 0.282053 0.462587
0.542333 0.906539 0.495203 0.099004 0.204387 0.002057 0.831554 0.765553 0.464231 0.328018 0.298029 0.601508 0.474828 0.897748 0.649731 0.733806 0.254439 0.021914 0.245875 68.299037 0.355609 0.598155 0.591898 0.941997 0.656624 0.066643 0.338028 0.212943 0.656706 0.045323 0.419036 0.304098 0.211348 0.648119 0.124866 0.229443 0.061737 0.871602 0.795529 0.851382 0.387483 0.495550 0.381580 0.245743 0.673866 0.887034 0.117084 0.898507 0.639198 0.399137 0.361094 0.994807 0.997292 0.952992 0.936804 0.653916 0.019635 0.274832 0.866859 0.676342 0.320154 0.285895 0.980440 0.531502 0.934014 0.105306 0.760945 0.995751 0.976908 0.556474 0.847133 0.364390 0.052024 0.228713 0.610134 0.725890 0.115747 0.727217 0.624397 0.754944 0.126354 0.985491 0.749751 0.123647 0.938483 0.686555 0.777562 0.958118 0.961387 0.644421 0.634460 0.281541 0.930317 0.614900 0.813044 0.864331 0.720206 0.573989 0.860082 0.697113 0.130463 0.707215 0.061504 0.182486 0.935928 0.671637 0.908376 0.051674 0.398855 0.532773 0.806618 0.525209 0.518264 0.556370 0.648856 0.456747 0.242925 0.426418 0.414866 0.204311 0.070840 0.049326 0.485853 0.001156 0.664226 0.298896 0.865487 0.384431
0.722875 0.791556 0.860427 0.029388 0.279603 0.547398 0.927759 0.869994 0.847467 0.182575 0.692854 0.101969 0.556028 0.814962 0.636900 0.036745 0.855698 0.497160 0.788332 0.355609 64.529303 0.872885 0.725569 0.081545 0.003347 0.432783 0.143049 0.185834 0.368711 0.814686 0.094210 0.420385 0.213541 0.626983 0.227004 0.738750 0.145247 0.783373 0.387606 0.601995 0.026298 0.814024 0.016861 0.230609 0.884864 0.066187 0.716462 0.886020 0.730412 0.015358 0.751508 0.114844 0.888243 0.477076 0.196389 0.891590 0.909860 0.339437 0.077424 0.278571 0.154123 0.171634 0.698956 0.367664 0.798617 0.925960 0.106414 0.943864 0.709333 0.494020 0.545859 0.735631 0.308045 0.562719 0.966240 0.192909 0.628906 0.682701 0.078929 0.359318 0.698059 0.830437 0.474162 0.586302 0.307513 0.670551 0.477892 0.217373 0.009988 0.555316 0.495944 0.164111 0.726950 0.194900 0.531776 0.525567 0.120860 0.638190 0.469431 0.830192 0.132211 0.015290 0.565823 0.440255 0.578009 0.532063 0.633164 0.206915 0.214764 0.712093 0.566233 0.912823 0.542530 0.040395 0.499125 0.850043 0.710946 0.977017 0.067416 0.720934 0.532332 0.563359 0.885045 0.259282 0.758259 0.416820 0.784849 0.879119
0.926026 0.321904 0.293945 0.819957 0.668010 0.237982 0.372344 0.219198 0.650900 0.046148 0.273815 0.207920 0.514339 0.189272 0.388497 0.934010 0.263374 0.355160 0.636543 0.598155 0.872885 63.348771 0.055011 0.254280 0.709311 0.187221 0.269569 0.275134 0.627476 0.847579 0.807197 0.260640 0.054494 0.021961 0.972733 0.620727 0.934784 0.515263 0.661122 0.433908 0.365306 0.372068 0.410925 0.432721 0.093001 0.943257 0.996081 0.978046 0.202539 0.754340 0.394867 0.987388 0.633459 0.449877 0.241668 0.342770 0.637098 0.511237 0.617904 0.264575 0.358816 0.425101 0.525215 0.413310 0.447062 0.497948 0.034036 0.381845 0.013211 0.695158 0.815754 0.378516 0.067226 0.226679 0.811238 0.160228 0.169936 0.807318 0.138274 0.372476 0.561658 0.533141 0.359864 0.195117 0.983018 0.601532 0.537888 0.620117 0.112769 0.155792 0.884691 0.471585 0.580893 0.409906 0.884895 0.027955 0.907855 0.918931 0.409800 0.921065 0.614090 0.225554 0.299582 0.681316 0.452233 0.110819 0.841544 0.622169 0.918138 0.979818 0.994645 0.479796 0.512958 0.354509 0.674914 0.495976 0.956040 0.212801 0.116093 0.068809 0.368593 0.000784 0.540394 0.949486 0.410691 0.425289 0.977441 0.318545
0.938739 0.985080 0.209401 0.410956 0.724100 0.498120 0.854850 0.694292 0.650576 0.598617 0.645875 0.423690 0.573338 0.040179 0.915151 0.023328 0.581112 0.403753 0.302581 0.591898 0.725569 0.055011 67.756506 0.344220 0.387241 0.239611 0.958310 0.612795 0.539193 0.639626 0.065028 0.650012 0.481170 0.687197 0.568150 0.460987 0.681842 0.047946 0.973945 0.036351 0.722860 0.469922 0.992391 0.935661 0.586015 0.061200 0.304253 0.586799 0.601595 0.253739 0.997489 0.026884 0.231180 0.316035 0.371104 0.618421 0.555645 0.329414 0.231216 0.094838 0.969040 0.296244 0.744850 0.450210 0.983441 0.313000 0.911197 0.665283 0.360946 0.885142 0.701633 0.083805 0.355064 0.694024 0.019466 0.941078 0.755225 0.323719 0.527877 0.356819 0.577459 0.525367 0.383703 0.808639 0.841401 0.754808 0.427059 0.397047 0.084222 0.658275 0.491884 0.053262 0.954519 0.236734 0.503472 0.937960 0.549734 0.414669 0.603243 0.910680 0.299811 0.304876 0.994485 0.654875 0.998900 0.013950 0.595953 0.754125 0.337670 0.123831 0.110944 0.915128 0.649197 0.494648 0.723767 0.490598 0.249455 0.150826 0.887645 0.333677 0.809102 0.379529 0.386939 0.763621 0.616264 0.890411 0.701581 0.165997
0.476346 0.959722 0.507398 0.075630 0.060362 0.710835 0.654838 0.335515 0.276381 0.993902 0.101866 0.747670 0.855495 0.591621 0.490157 0.632638 0.115290 0.197910 0.029944 0.941997 0.081545 0.254280 0.344220 62.216542 0.305080 0.304823 0.076677 0.604891 0.609699 0.071162 0.259766 0.608600 0.085112 0.855719 0.362725 0.422782 0.979550 0.473669 0.337910 0.628747 0.968317 0.061677 0.119345 0.217772 0.212503 0.006990 0.551449 0.021605 0.386520 0.938389 0.785225 0.002783 0.828800 0.486806 0.168781 0.133880 0.791629 0.245457 0.738771 0.401329 0.316619 0.998537 0.009928 0.401731 0.854256 0.372653 0.824513 0.833806 0.846323 0.162423 0.462553 0.814639 0.224100 0.581899 0.032412 0.436603 0.588889 0.583861 0.458208 0.975408 0.522249 0.243433 0.978192 0.351049 0.730239 0.146972 0.484929 0.521868 0.392430 0.223700 0.923197 0.709049 0.222236 0.933125 0.110780 0.076493 0.305779 0.935293 0.910299 0.152101 0.097716 0.372852 0.966741 0.321815 0.954751 0.999152 0.758418 0.543639 0.583013 0.216626 0.519048 0.105262 0.460059 0.497239 0.456311 0.190299 0.644211 0.941240 0.712167 0.036641 0.164940 0.635364 0.745689 0.387176 0.568490 0.856469 0.463669 0.874268
0.231035 0.718981 0.200954 0.556282 0.211067 0.391916 0.732812 0.853984 0.624086 0.409231 0.499101 0.830592 0.526824 0.018117 0.245618 0.480659 0.352715 0.507753 0.090585 0.656624 0.003347 0.709311 0.387241 0.305080 62.149993 0.791762 0.373968 0.026370 0.889478 0.746820 0.993110 0.211293 0.701570 0.992263 0.969711 0.245210 0.575276 0.186337 0.764258 0.680538 0.646397 0.261497 0.136850 0.836695 0.905708 0.078090 0.548862 0.942349 0.243030 0.184226 0.688038 0.630206 0.752716 0.544508 0.093876 0.626984 0.336270 0.467843 0.653354 0.225747 0.214663 0.646465 0.437040 0.916234 0.638727 0.406751 0.161444 0.214003 0.593089 0.925701 0.894542 0.239485 0.187198 0.031391 0.076180 0.092906 0.109481 0.625043 0.035255 0.352511 0.809269 0.723294 0.982718 0.561985 0.267802 0.076593 0.188970 0.604071 0.544437 0.842324 0.829819 0.759100 0.488789 0.266859 0.675334 0.127516 0.673610 0.836778 0.341519 0.266699 0.762479 0.236061 0.506184 0.949677 0.267452 0.582364 0.042584 0.376934 0.207407 0.077839 0.729445 0.016676 0.801133 0.712163 0.578662 0.068935 0.788756 0.767632 0.673006 0.333193 0.609956 0.502825 0.092294 0.098744 0.769684 0.767628 0.226260 0.443293
0.958073 0.622917 0.092740 0.835364 0.527043 0.014625 0.560316 0.492934 0.463308 0.921939 0.820267 0.951504 0.077196 0.581194 0.528155 0.888280 0.353769 0.260359 0.890022 0.066643 0.432783 0.187221 0.239611 0.304823 0.791762 62.970558 0.604406 0.567780 0.709992 0.366885 0.803840 0.216176 0.316563 0.071293 0.798540 0.359146 0.448226 0.005947 0.436986 0.177671 0.022624 0.238119 0.889834 0.601285 0.307054 0.678590 0.368917 0.980061 0.011784 0.978873 0.482886 0.104078 0.077617 0.252569 0.871705 0.303877 0.695863 0.476111 0.871657 0.405855 0.842996 0.675497 0.622030 0.159559 0.746790 0.420570 0.518705 0.195016 0.426518 0.955691 0.372687 0.449141 0.193810 0.262521 0.050426 0.500864 0.941112 0.419343 0.480925 0.952896 0.398216 0.963810 0.056973 0.475833 0.216380 0.928678 0.779711 0.912242 0.404790 0.651368 0.318097 0.247786 0.326865 0.940127 0.407345 0.073655 0.360698 0.926050 0.268671 0.787215 0.881741 0.641358 0.236356 0.075551 0.903879 0.286783 0.576415 0.844991 0.706126 0.057340 0.797887 0.104342 0.021151 0.854860 0.580176 0.237531 0.783538 0.359886 0.149773 0.188328 0.011254 0.467869 0.436114 0.338119 0.407996 0.843459 0.411774 0.768694
0.097179 0.045549 0.337662 0.034873 0.888821 0.075842 0.554923 0.821457 0.851499 0.595890 0.314972 0.224245 0.191985 0.947397 0.544494 0.620593 0.611418 0.556724 0.173034 0.338028 0.143049 0.269569 0.958310 0.076677 0.373968 0.604406 68.616898 0.769509 0.680446 0.555909 0.651250 0.321804 0.792265 0.726801 0.225683 0.079048 0.303216 0.070674 0.785174 0.360557 0.868561 0.889516 0.381708 0.723420 0.469692 0.619238 0.506958 0.829578 0.769011 0.695286 0.840832 0.236880 0.131400 0.178951 0.644876 0.974859 0.590726 0.413570 0.744367 0.271171 0.969479 0.395617 0.592975 0.761745 0.122417 0.818658 0.840792 0.425634 0.889332 0.625966 0.786190 0.757893 0.515482 0.167898 0.481313 0.985174 0.787136 0.988272 0.814752 0.556147 0.683558 0.655584 0.793027 0.814958 0.834535 0.437903 0.789817 0.425261 0.851474 0.534184 0.696432 0.820953 0.929801 0.289407 0.582698 0.052218 0.108065 0.423490 0.477852 0.997397 0.049456 0.264042 0.755290 0.564939 0.431940 0.236604 0.550113 0.219075 0.224875 0.364865 0.775222 0.908433 0.020448 0.568249 0.723391 0.854984 0.006152 0.513208 0.280244 0.857626 0.047392 0.976677 0.678579 0.977192 0.266084 0.261277 0.029410 0.374149
0.560346 0.475391 0.544050 0.363688 0.732225 0.759854 0.957450 0.705230 0.055737 0.444357 0.630593 0.756252 0.107638 0.980975 0.710315 0.314944 0.480750 0.643843 0.730059 0.212943 0.185834 0.275134 0.612795 0.604891 0.026370 0.567780 0.769509 64.774488 0.684767 0.507262 0.371546 0.734223 0.771304 0.126836 0.299162 0.203243 0.363440 0.849275 0.422319 0.588315 0.214139 0.197541 0.496748 0.234588 0.765790 0.220140 0.089571 0.771942 0.733348 0.369816 0.629567 0.780740 0.346492 0.308146 0.757932 0.612576 0.569423 0.787342 0.986724 0.254190 0.294604 0.358270 0.988413 0.065908 0.485106 0.287575 0.269151 0.848546 0.136850 0.691469 0.436861 0.350990 0.889010 0.933609 0.585578 0.654800 0.153749 0.675149 0.426741 0.887097 0.044965 0.056309 0.667837 0.391457 0.364455 0.425769 0.004033 0.933878 0.213111 0.990757 0.188068 0.507715 0.349028 0.176481 0.573623 0.834134 0.464056 0.842774 0.682680 0.600907 0.534243 0.119541 0.951896 0.423253 0.053150 0.537474 0.078053 0.206899 0.212623 0.504794 0.093996 0.257587 0.561103 0.761833 0.649045 0.925558 0.187602 0.653078 0.859435 0.400713 0.643835 0.047503 0.908428 0.992863 0.223984 0.482052 0.826997 0.688040
0.697940 0.395838 0.740244 0.730912 0.610020 0.630055 0.566914 0.148722 0.798818 0.231729 0.689937 0.013417 0.347199 0.100291 0.488496 0.122088 0.883619 0.881409 0.758418 0.656706 0.368711 0.627476 0.539193 0.609699 0.889478 0.709992 0.680446 0.684767 66.926456 0.324826 0.509676 0.288947 0.859069 0.629217 0.240843 0.282322 0.682367 0.778317 0.360376 0.889267 0.990939 0.865170 0.983263 0.248527 0.426273 0.745096 0.897571 0.351830 0.932698 0.550649 0.211266 0.333411 0.194484 0.258769 0.241839 0.187347 0.482753 0.723891 0.014343 0.170793 0.048717 0.524020 0.459739 0.907786 0.153237 0.700582 0.190108 0.835604 0.478899 0.550484 0.724871 0.469838 0.415654 0.708134 0.718365 0.841926 0.453230 0.615936 0.193757 0.385928 0.166585 0.405022 0.719338 0.361069 0.663791 0.961178 0.548416 0.146544 0.685069 0.562759 0.317337 0.733786 0.086779 0.777076 0.641572 0.240015 0.477658 0.831680 0.075619 0.956557 0.382164 0.800490 0.426395 0.797817 0.508623 0.144760 0.639744 0.961853 0.760697 0.833500 0.347781 0.927282 0.238523 0.067119 0.288351 0.902314 0.028297 0.836767 0.048858 0.713366 0.399526 0.366195 0.447152 0.486305 0.143271 0.088723 0.726320 0.620930
0.342092 0.045169 0.501886 0.271839 0.201037 0.325250 0.027651 0.274950 0.559429 0.396406 0.476030 0.097144 0.327096 0.286608 0.192014 0.998367 0.968192 0.647704 0.870179 0.045323 0.814686 0.847579 0.639626 0.071162 0.746820 0.366885 0.555909 0.507262 0.324826 65.633311 0.920403 0.801939 0.577487 0.302567 0.602429 0.003882 0.100384 0.111052 0.148643 0.740127 0.072905 0.909339 0.573628 0.420686 0.836621 0.812151 0.487805 0.124972 0.714465 0.516102 0.961739 0.763323 0.229468 0.361265 0.129518 0.676620 0.847570 0.272789 0.765343 0.573890 0.893718 0.685746 0.375829 0.471205 0.988313 0.978258 0.475087 0.088697 0.089310 0.623730 0.828824 0.162215 0.533069 0.402452 0.582901 0.369691 0.214602 0.070706 0.494663 0.929067 0.586808 0.456402 0.692390 0.816275 0.817668 0.821907 0.492895 0.665238 0.094696 0.258238 0.239127 0.988414 0.943984 0.614956 0.459619 0.932297 0.593214 0.934706 0.020993 0.682524 0.558436 0.849817 0.844739 0.091506 0.252269 0.427640 0.461197 0.466871 0.498345 0.955860 0.395939 0.085153 0.412262 0.088328 0.901428 0.229930 0.910236 0.394323 0.895168 0.004932 0.652561 0.134295 0.993346 0.596545 0.749251 0.452965 0.528842 0.342465
0.416059 0.737817 0.744925 0.143564 0.564252 0.864490 0.257318 0.239262 0.971331 0.953281 0.456480 0.982905 0.458058 0.709122 0.246073 0.950460 0.570502 0.847760 0.097464 0.419036 0.094210 0.807197 0.065028 0.259766 0.993110 0.803840 0.651250 0.371546 0.509676 0.920403 64.816830 0.387671 0.549835 0.024989 0.946108 0.399653 0.869727 0.037614 0.651922 0.297367 0.498810 0.118793 0.795712 0.454670 0.514732 0.880865 0.866932 0.603060 0.782293 0.096862 0.513296 0.176617 0.992029 0.518227 0.829178 0.126325 0.511573 0.425723 0.875576 0.964538 0.954566 0.218041 0.352209 0.504401 0.243030 0.298317 0.904054 0.112757 0.335931 0.555975 0.410124 0.834741 0.674768 0.205836 0.289410 0.189500 0.086701 0.156342 0.792560 0.868994 0.253204 0.305855 0.045611 0.245233 0.824083 0.874789 0.371558 0.335656 0.300512 0.247134 0.300194 0.255078 0.465175 0.652403 0.759479 0.708204 0.950720 0.663532 0.820961 0.286651 0.219508 0.231085 0.121392 0.894276 0.436921 0.410802 0.083776 0.523622 0.567144 0.876335 0.392616 0.820348 0.182191 0.438226 0.065581 0.006273 0.313015 0.437139 0.341929 0.613527 0.684273 0.642123 0.868604 0.149448 0.294527 0.628083 0.857652 0.245247
0.650860 0.726656 0.507542 0.963824 0.113402 0.623933 0.123662 0.606345 0.374956 0.925035 0.532848 0.539765 0.167836 0.691306 0.610893 0.167906 0.216487 0.411470 0.223669 0.304098 0.420385 0.260640 0.650012 0.608600 0.211293 0.216176 0.321804 0.734223 0.288947 0.801939 0.387671 61.719393 0.291615 0.678614 0.531898 0.511123 0.909699 0.653290 0.405399 0.346620 0.064092 0.489174 0.870242 0.631236 0.365510 0.262857 0.451584 0.547700 0.701083 0.517165 0.553974 0.014098 0.954305 0.895903 0.627624 0.638578 0.538027 0.496229 0.788026 0.832554 0.124312 0.645678 0.077801 0.415927 0.324292 0.609699 0.927050 0.233991 0.262989 0.332449 0.580611 0.327081 0.821623 0.450852 0.958317 0.187133 0.713709 0.409901 0.734833 0.414793 0.927067 0.288807 0.428891 0.881372 0.184710 0.056515 0.519949 0.722737 0.552744 0.307975 0.555291 0.677055 0.953653 0.633091 0.092982 0.277945 0.242791 0.020032 0.511936 0.505780 0.352481 0.092547 0.832861 0.174104 0.543400 0.791178 0.361236 0.257109 0.201080 0.096069 0.671902 0.128147 0.384877 0.100792 0.009518 0.569587 0.157307 0.529467 0.292324 0.710051 0.837443 0.847614 0.387106 0.791096 0.480706 0.480088 0.069042 0.723496
0.474649 0.760604 0.484365 0.635614 0.396890 0.706137 0.797910 0.210035 0.092009 0.654813 0.650837 0.430917 0.770098 0.586911 0.014091 0.400616 0.543527 0.681621 0.036751 0.211348 0.213541 0.054494 0.481170 0.085112 0.701570 0.316563 0.792265 0.771304 0.859069 0.577487 0.549835 0.291615 64.817113 0.500120 0.580978 0.229276 0.852601 0.673525 0.062137 0.026704 0.216925 0.853316 0.387941 0.474034 0.054395 0.484010 0.145936 0.182542 0.868887 0.246728 0.192060 0.438474 0.404035 0.721528 0.730797 0.114086 0.558970 0.578412 0.501192 0.350066 0.059117 0.981280 0.419108 0.782614 0.481401 0.000086 0.011890 0.334001 0.673611 0.074027 0.360706 0.890536 0.927343 0.748646 0.364570 0.981739 0.232657 0.510505 0.164281 0.101543 0.757233 0.356341 0.540017 0.161268 0.077868 0.270814 0.275354 0.636839 0.849226 0.776546 0.986905 0.908343 0.757826 0.406013 0.690957 0.239226 0.406099 0.702847 0.573228 0.079710 0.776875 0.933933 0.970245 0.704218 0.682580 0.334815 0.685957 0.915236 0.845320 0.850238 0.016780 0.602553 0.206578 0.556797 0.763821 0.284447 0.827611 0.039175 0.921285 0.676837 0.815720 0.908190 0.585180 0.573546 0.314203 0.276137 0.812773 0.720302
0.847022 0.333634 0.398772 0.196068 0.675530 0.341918 0.707963 0.950055 0.545067 0.793495 0.360840 0.328827 0.609953 0.689332 0.356556 0.289298 0.581739 0.458274 0.726933 0.648119 0.626983 0.021961 0.687197 0.855719 0.992263 0.071293 0.726801 0.126836 0.629217 0.302567 0.024989 0.678614 0.500120 66.842865 0.978985 0.386000 0.800011 0.755859 0.319934 0.770257 0.460077 0.002514 0.105072 0.146034 0.917750 0.950392 0.996272 0.934530 0.552945 0.202850 0.491326 0.316766 0.487297 0.318937 0.355940 0.408582 0.995774 0.171661 0.316773 0.580954 0.745207 0.630976 0.857091 0.557980 0.351278 0.836076 0.943980 0.151289 0.591935 0.263914 0.921546 0.052013 0.266427 0.026617 0.198047 0.184177 0.977009 0.194319 0.118707 0.529953 0.397169 0.610033 0.846719 0.884465 0.928971 0.202659 0.293048 0.924744 0.374320 0.609820 0.505699 0.119527 0.240796 0.362790 0.677507 0.592074 0.198866 0.621486 0.743363 0.790801 0.885400 0.664909 0.842814 0.151827 0.691526 0.040861 0.336004 0.668535 0.235180 0.454711 0.198488 0.632348 0.064744 0.045207 0.516813 0.993715 0.247867 0.809861 0.918459 0.622187 0.419681 0.424158 0.741714 0.660478 0.786948 0.419220 0.252552 0.985814
