128
66.29777270463654 0.6535503777352928 0.6668435599126081 0.005758934602218213 0.19724204554773317 0.4199382280074341 0.6438111504412873 0.9423559531837908 0.013683572025747215 0.7265462027520447 0.03530764291081223 0.32756810710186013 0.9414165801584292 0.18783591873831706 0.31770023404194536 0.42242877321967265 0.08637718865998101 0.44000921834861184 0.18648277351526055 0.36114910538473577 0.2926385253394693 0.9080566712401219 0.06222268019582078 0.9861060576210843 0.44949868658248804 0.2533966141175632 0.9968608341999021 0.056213640393136255 0.6328895576368312 0.645958774734501 0.9650865611318684 0.29494815904788363 0.7226229938773739 0.27046492869150696 0.8871302771993974 0.490370403079358 0.6180771054136388 0.4121831137567986 0.98957062159639 0.5982492909884529 0.704420274453464 0.7386292427908404 0.4873141701120347 0.9986761453027267 0.5516826948702398 0.05787582557925486 0.6855256762543773 0.674571794416744 0.6271178914521806 0.7511838462507898 0.23716024840174066 0.2622170039312156 0.3177216899683931 0.8909253639702835 0.9892884544759042 0.5224217458292132 0.1540244528966086 0.7746884854423616 0.04210076410235797 0.6060575432870293 0.7308239285575396 0.5577164283765864 0.6743440399316407 0.8784472948953566 0.991453651966681 0.26163255158354304 0.19038613171803642 0.43515627520266253 0.20907153626914377 0.13119975125592287 0.10184358696992635 0.41611285496935846 0.27645557383525843 0.688719299292726 0.4646386864091515 0.08026901488608562 0.6529030579475594 0.28683972684296954 0.9803693461501909 0.997280729874701 0.0407872853661434 0.7561121456566736 0.36398196527166293 0.10221036901068514 0.23492653370269156 0.36647993223764486 0.8777521974648144 0.4346859700143334 0.44232251575024084 0.8627510943117989 0.7021301494550718 0.9890599329218496 0.22853932164341462 0.36361956290146913 0.6515911332833852 0.25347749289252386 0.19164837661120393 0.34955854639811024 0.9686356911971592 0.5260695608201974 0.7071823986162511 0.6763186680619963 0.9269882422374706 0.2842446655431815 0.6388803003098632 0.8977505082533194 0.7935386396902835 0.5243700855309205 0.8253483490450786 0.18807310752533724 0.0676717103180493 0.8836110548467616 0.18874410955587462 0.04258654998241507 0.2793388181990788 0.854974609003859 0.5872067076287256 0.11297349318590866 0.7591406424999828 0.9228430147818317 0.02468307130043701 0.8712002376143063 0.8733880933493748 0.6257324364848121 0.43923824191140015 0.8637683507574851 0.6944874264949245 0.8483315511423665
0.6535503777352928 66.6400345558345 0.1936950952770995 0.501953882916456 0.8862369146670159 0.5307576579920315 0.7721066166277398 0.26118019800081316 0.44871382114245595 0.24026022184411988 0.294173453809783 0.6856659490494214 0.4938687777262861 0.3203351798742151 0.14997825422551947 0.5717629493011148 0.33521423585796073 0.5125757474314889 0.9765258782982379 0.924114309984663 0.16046672846793386 0.7173066109253247 0.34280469829282534 0.6163724407625826 0.011245581431866158 0.3285528904903099 0.979075672383478 0.8572656338714578 0.14998291331053848 0.14765789013449526 0.5674630661013329 0.7842638040137918 0.40263766279595836 0.656601893263322 0.2957880744136445 0.1339178715245477 0.551685057519203 0.6437560543679024 0.42155737074744093 0.37822351152805955 0.7253703675952586 0.6982310100311775 0.4997332196890676 0.243035296216904 0.8887649032719697 0.7848749165673445 0.37258656047489225 0.023264500142352706 0.551227189260495 0.26992323582479616 0.42020091366860823 0.9996933682337109 0.05296940076747991 0.1444464660234206 0.8583257907208174 0.5738715006781466 0.6372161450895906 0.170355690210249 0.7659511689647386 0.38330041765978995 0.30008470659775055 0.01168648225809199 0.7590421215341039 0.5348287280875272 0.2792757130481913 0.7342891540646342 0.7269505046752874 0.9441043989058947 0.3860497024976579 0.6337748893477884 0.8599143918313733 0.7919488963915714 0.24840143462440067 0.9736173835401853 0.656628039951499 0.46471762910029446 0.0043932056989343105 0.49144635219838195 0.9209289670658691 0.5775751717041984 0.8388698798759495 0.8485064834095125 0.5188427943046847 0.8977167781526633 0.8035383129431268 0.29796700361485373 0.819552487302744 0.7325451290933949 0.9016861643986577 0.857149749605767 0.6272665732113328 0.9630703350969856 0.5033462940428601 0.8654767238229273 0.5539996057871052 0.35641808473687686 0.7615781972573192 0.04683755092308817 0.5553293546271915 0.7584824517019318 0.20353649765639337 0.37518159926990424 0.4858005373807184 0.08208134032996817 0.7407305435958632 0.9030364094505969 0.9053635515439125 0.33816156876253467 0.03789859660396655 0.7910165905979117 0.9357416482436739 0.20914774163224137 0.5810094712940229 0.6287153571289902 0.3683029963786463 0.4655276685795303 0.8382794266133886 0.22969879323633025 0.16946448631416144 0.556888920169581 0.09895843589815156 0.130426324071933 0.5112142722933889 0.4757383228758951 0.8917801162029217 0.3925446190695626 0.07364601599890064 0.44866786841025863
0.6668435599126081 0.1936950952770995 63.28160657266807 0.4553098219977414 0.16142026708936819 0.6160172087370818 0.9977058748552889 0.7070328745484273 0.8174324650080784 0.7010921897690847 0.48690438845076 0.0555754947613174 0.6617285880220088 0.7935924661742854 0.4912887159072812 0.15599258952912576 0.107709749200393 0.1037355142048848 0.864652801577748 0.20700246368122455 0.9917864739282772 0.7603061372905933 0.8485137813629073 0.5947648785198159 0.11167144332610957 0.8047493515064723 0.8237952996286289 0.5602255620801789 0.7625636831964528 0.37935988097101647 0.7878208038673052 0.8216665505281853 0.7199994865947175 0.21146528850779367 0.3616851459453344 0.6767019293396024 0.4093564053877957 0.45585169455644414 0.5334296332767997 0.16551044131438475 0.5883843287285463 0.3300731326465227 0.12263128005435786 0.3255546330709408 0.9458230775558669 0.15880013026622664 0.05679910897097973 0.47205256988566024 0.5851268847470126 0.8842074629254512 0.3671446556992638 0.6475929295545189 0.6868297148447751 0.7240120649428092 0.10696279994959623 0.954959623287259 0.6556808060855897 0.381617268056581 0.47744208302917557 0.7416207385343845 0.8282062178449555 0.18191042534903412 0.21742510304394935 0.4704838515960542 0.0752981460950155 0.20367130742877027 0.8337729569402589 0.9267046940699268 0.8164249328337488 0.053489273061575804 0.82574533794708 0.11675078140063522 0.9727184300584394 0.7822222472439151 0.8884353179256604 0.49494777692121017 0.32789481848295565 0.1290593218203374 0.17569065585787969 0.6603639067283408 0.40761957641421154 0.3176563136925673 0.705065333683043 0.21258290407633773 0.10094314512697344 0.04814732226244156 0.6250402538454077 0.2639808291327821 0.3976845595481293 0.029035758672977363 0.5027980312012349 0.609917479494166 0.3536770447452926 0.6175078809562857 0.14954497801312883 0.36099688967336185 0.8776977607861899 0.9527011154814643 0.8697300426987317 0.7047733979583901 0.7669927783100694 0.2176839298263049 0.21407929596338804 0.3318541581736859 0.06081447399768092 0.4715931786153932 0.31717970683259666 0.4654194274798694 0.24930605639417958 0.8456699766145674 0.6096385133782896 0.7071475411688101 0.08553012564393214 0.1472849279980314 0.936298742454966 0.34291012595213044 0.8791942792411246 0.31288836696608147 0.5589271329883131 0.22181206187143976 0.89318689559811 0.8855669149075689 0.3511811591291851 0.8986807083679059 0.14256871632209667 0.4017599222617332 0.20638124655195023 0.43146879687766104
0.005758934602218213 0.501953882916456 0.4553098219977414 62.445853879766204 0.41351863848706494 0.7165638073811585 0.5944046330148935 0.6386782183606783 0.01730366922328197 0.3173771688615187 0.9892698868950448 0.8786472850898265 0.8915432050202807 0.41989995550499937 0.44072314726004236 0.367581287464968 0.3579615539077782 0.7853851981286388 0.4891843529094363 0.1102139414536134 0.7118866626771408 0.42643812982785545 0.7528924180934516 0.8960662719555014 0.6283664964174093 0.6250017476978051 0.5875207001914668 0.48716427199903445 0.3267859487730891 0.04111546053746418 0.292368213164343 0.7396682903088547 0.6960784676390265 0.7518994588479812 0.054577453132328424 0.7891188438986374 0.03945125828722584 0.14907760173771878 0.7193273738828919 0.5486398710902395 0.729843061113439 0.7723107744462372 0.45813848622158526 0.29260905313835206 0.5430761410789948 0.16568776201125468 0.6897781180352386 0.9967628232769392 0.8662072609124598 0.710359122811604 0.09009474424947306 0.5010824469386601 0.18713403227230174 0.8887893491048174 0.3626786679143563 0.8077169337691487 0.8278584688926316 0.8309536047643075 0.035576502122561915 0.23414838319276898 0.31880823340964193 0.7654178638918262 0.687549112425764 0.7757654401338722 0.18342964061190536 0.3601821074252779 0.293711422412141 0.08413419101453212 0.2703922666691919 0.776424756434908 0.41072760972590683 0.4718677184762795 0.0464958704188384 0.6759695084108438 0.838480576945194 0.6787311930710547 0.992538268390079 0.29298052949229036 0.37675405574922693 0.3225464561295289 0.4759802786275521 0.2341194959590691 0.2540579182792363 0.5579463210464117 0.4966958754630516 0.17313004659903863 0.6230282908885639 0.6497538810194058 0.9785522794949426 0.28648394474267735 0.8403599844655295 0.8763192064995563 0.835151019025773 0.6741447285718327 0.2533845641020892 0.2061034941733597 0.2951080297640801 0.5098833101567513 0.5436026505411934 0.25058160037605715 0.048318178357256825 0.9434064119919799 0.3452131722660078 0.29492250472398496 0.4937629422234302 0.3401161902091705 0.044921845570006114 0.218843819605666 0.7582566018137867 0.4531065555558764 0.23657282297310922 0.3502013250588665 0.5428490297198287 0.11668089362865608 0.04160458436528125 0.4994387878884091 0.3217891914260351 0.8805032559789882 0.8978152925465744 0.747187031646799 0.655362167118499 0.1720264846514633 0.7746533810489559 0.40844053656544577 0.9990225910423856 0.4810179871839082 0.02435650285151214 0.07164078581361788
0.19724204554773317 0.8862369146670159 0.16142026708936819 0.41351863848706494 64.75137663009409 0.30510954405360846 0.9345662305038245 0.22409780232547705 0.4171127367460856 0.031682078909142986 0.7853671303060408 0.9502741730012525 0.6552373786636029 0.7982493709119677 0.5702712776230738 0.6938678834936806 0.6620223668252764 0.6449426740984984 0.5906697155193614 0.7107265053772366 0.8303794380015843 0.02625026032966049 0.012551397204663362 0.8351953342762194 0.7425775732833001 0.9285567012479403 0.20513382807702418 0.027359597293890925 0.7645066243056673 0.005595536084420316 0.4001234495705044 0.8907917473408149 0.2674099905321531 0.9543687542875119 0.3968643735175337 0.6933435981058708 0.8291268025451034 0.9056834418823958 0.963813509067399 0.590294137409369 0.15410300723966475 0.7753649787478841 0.6419558787679833 0.9112078497158888 0.8562846653413326 0.45681670839124755 0.1591461313807998 0.6585673067272179 0.6818506121951977 0.8426979125436632 0.5012707312341711 0.04047885894812697 0.28833808699717167 0.6180987294675115 0.16633064810219444 0.5270819347049199 0.3258066020299373 0.15982169406320812 0.1502406230732155 0.7018650564563439 0.5606156207890762 0.15506468415849228 0.015805593847727284 0.2522221706495943 0.38405242491874414 0.9560492398101209 0.3534938034784878 0.1878764889897271 0.6758949883014266 0.28595216518860544 0.8126710983019848 0.590247260994296 0.1237184496901429 0.87270473448879 0.5005305726107633 0.041936605000641114 0.7372429332419829 0.3513694638254542 0.07698646393343411 0.48790799118501094 0.9739654852377134 0.2739284870509314 0.576565042473312 0.3439613735052829 0.6824186531133224 0.15115307830634095 0.2079082213043294 0.5233171212449765 0.8799239170832088 0.5969459255872244 0.9749442635394155 0.2115945000089018 0.3830269000411436 0.05542338040787809 0.19192305853391545 0.22425950029061026 0.40779765610584207 0.7062959880386638 0.9140597121323615 0.7582527448429135 0.27780228541072016 0.7876429396437072 0.16192603673866302 0.9078234909352779 0.20235747063251108 0.8916604645056931 0.8529178058909744 0.9908681456376657 0.6275300107696821 0.9082450466291342 0.6059961989956201 0.5247979696904714 0.19338622774013003 0.9791063221098293 0.2054683130439393 0.20090970298181088 0.03199163885472589 0.6775446066094628 0.046340773579982786 0.950234483723979 0.2908856524103074 0.2998804281142934 0.7849823902131385 0.6854583437610798 0.9779196322716782 0.46216802555526504 0.23643504229688228 0.008220574454638419
0.4199382280074341 0.5307576579920315 0.6160172087370818 0.7165638073811585 0.30510954405360846 62.573141312102585 0.6555776682185795 0.5721954558130881 0.840533018869611 0.17304684362387224 0.30285645765977043 0.9786960731513836 0.1357644725901651 0.1598108332958348 0.2812130118964635 0.7613812396150531 0.3282465576436985 0.9409669130785947 0.021743020892448173 0.9289526573662129 0.7249205014746355 0.433093974212985 0.061003583282722484 0.4480247050875441 0.3089711073838357 0.5486344404491614 0.764893313449844 0.510808161991115 0.12926633708329294 0.092077423119315 0.38712142285011697 0.36281395605988875 0.8948560458528277 0.36402027230892764 0.10453962313817722 0.4619313830601527 0.09653286767594793 0.8633947562929833 0.4311783129031215 0.9765973514649163 0.42302732767538354 0.8137875164917001 0.6489403221987876 0.19067592297337377 0.269965395357458 0.19895057427864038 0.5019951208325301 0.4564455757412954 0.04205353456020933 0.4773954573479199 0.20393780528917504 0.5624208434842082 0.7290291162215868 0.29831070805559723 0.4504382636284032 0.8295292018060787 0.5756016861543509 0.3652333806001874 0.6344143148859323 0.9449802205489141 0.19528507633300485 0.09873436408061231 0.7902238451543064 0.45086124149457585 0.11487476148512188 0.43422491192495505 0.39925263844325576 0.7540910651101983 0.9811241862038486 0.2861431414530784 0.4716798460280014 0.06336427824015922 0.1365999556063805 0.447227884331598 0.31682850825089437 0.6145441164677354 0.5413752961860662 0.41531340943851114 0.4293804474133709 0.49279460492676375 0.09936664170314902 0.2810760315198112 0.7881850391562903 0.9551333816781199 0.6534340597350913 0.3151664618442356 0.16693731934652545 0.24164803118995826 0.19382388207028023 0.5415548218942142 0.9856165367401414 0.6555899251941881 0.7488394656334566 0.7058680551870358 0.5634580060621124 0.539923977361594 0.18982139671395404 0.7724667089393371 0.9460245779203481 0.9358435281661335 0.9685178381495598 0.8839479054482549 0.6370014629611996 0.339267718029876 0.3063704079038936 0.9246101526716459 0.14793801547305685 0.6137811462756356 0.31521188895863883 0.800191987504116 0.610531592737771 0.7793388071769548 0.3104233488802407 0.49414173199611666 0.5103538397199475 0.5975416062851423 0.48522089390553935 0.40086330789598834 0.6344171681453551 0.35309697152880504 0.7502344165781138 0.41142922859329756 0.09113036201416558 0.5531641880406682 0.09430594087764432 0.08296708299763689 0.6625487392781827 0.8487096382873969
0.6438111504412873 0.7721066166277398 0.9977058748552889 0.5944046330148935 0.9345662305038245 0.6555776682185795 64.65343924504404 0.35568466490494766 0.8890448549923482 0.8810328014974278 0.8472550110546568 0.06295304235886878 0.2604320055697996 0.5276014810645824 0.23426753576697446 0.47391233110109976 0.9595726245953872 0.8840954675533435 0.4672223702608015 0.6432535526369632 0.828769646942054 0.6321051869602613 0.7089878356088635 0.09259261345240732 0.8501577700297585 0.6199498000941471 0.004730268808530669 0.04043464014408993 0.7186388572174451 0.3681079970662561 0.6910733454388284 0.055815389219067923 0.2856082187560586 0.9812701815728075 0.9171760726349929 0.027935907644058178 0.687229255805082 0.32999638010387866 0.17190107212632 0.5962977000442387 0.5321965251070293 0.7128234066473409 0.2837697278218251 0.6897603749450002 0.923192008843927 0.46905116778982947 0.014616178322617412 0.9273006426410371 0.009320779838485227 0.7769291632093485 0.32852039529032806 0.21823227215060048 0.883218265083218 0.3786578193775674 0.08156601167133981 0.22767597877537793 0.16551438215674474 0.8720475959512376 0.45855412980438204 0.48726540137830565 0.5926488680650753 0.9387197308679592 0.313432409037935 0.6655245891290197 0.7086586926868609 0.7822711613229574 0.41917542373890593 0.5449359888050653 0.39904647112929437 0.036388784612116476 0.7629551333529606 0.11999797207662222 0.573184011396074 0.14790782363871646 0.9798444366568395 0.6250930985472685 0.42093473493905686 0.05817449662168006 0.8311974798274813 0.7533604941323183 0.9215351170619104 0.05156261089487946 0.3819737049489572 0.10291408989429585 0.8848475973995626 0.9294447390002847 0.13170988345226586 0.4284904418718919 0.2435066684524796 0.23014257749194045 0.8258366909925047 0.9558930266701008 0.9184281057849735 0.3060459891433036 0.2157764500869923 0.6690572307495877 0.7378677304538785 0.9435895180701062 0.31338998127737694 0.26369236076602187 0.44913873216062516 0.21674527303438307 0.24178394645161472 0.7826778053246479 0.9735353682215361 0.1645955873930609 0.735702109219077 0.397317809170165 0.6258987587354725 0.09529818511686339 0.17285962874130312 0.19601690629933366 0.8229394625883599 0.29884343344835007 0.8130266892563568 0.17200724775375265 0.2941765769836875 0.6332602979268404 0.2797900886394209 0.06329294454614132 0.9527809443775754 0.115599348340502 0.9736666083178123 0.3060136884727559 0.4281886855733653 0.1798082016905198 0.46124039093598757 0.5435879277834974
0.9423559531837908 0.26118019800081316 0.7070328745484273 0.6386782183606783 0.22409780232547705 0.5721954558130881 0.35568466490494766 66.26057263648335 0.20388171641939978 0.17697637022811474 0.4182074772295846 0.1975067825438369 0.8107407126200532 0.8321588088231441 0.19608712130353134 0.8050281173336703 0.8304367510157451 0.0969075338135793 0.10367404640007605 0.6446410267148015 0.170743414829439 0.4675108386105453 0.7171928720359121 0.43100830390697065 0.958459196282568 0.10664465752143426 0.9633839972451691 0.422694014982092 0.7989768643939612 0.06708014588437783 0.36827010177112307 0.6768476152875866 0.926592986457582 0.3711396256012264 0.5451448590149629 0.5458383895709729 0.31700805775082974 0.30743370121935654 0.5418010462108129 0.21453381256387138 0.39283197001803627 0.9692147543388889 0.46991408776433774 0.3709111701152267 0.88838461475643 0.592004236461195 0.9165032555111553 0.05505251611032014 0.3372489033085142 0.5603749828315447 0.8712006789455303 0.5051740974318455 0.16529971079651395 0.5850038339201937 0.49845104014458375 0.8988864666176114 0.5045215762781212 0.10413697017118306 0.4211027592492582 0.21414007324605966 0.22955055618741405 0.8938167706351531 0.9269535549166453 0.8028865686631348 0.9057494936400003 0.5495903491568389 0.264458638923585 0.3876279975460095 0.8406494988086074 0.7697454007913902 0.8225236927157891 0.931645755582101 0.8024625204512927 0.314376102749616 0.11139527936475713 0.4116967009711807 0.7956100066445363 0.3936245091885544 0.7112286358516752 0.5489652151359589 0.05285104440898869 0.932506186093579 0.42558530850411347 0.6146483018760844 0.12960702430228244 0.3821946016753678 0.7842289432358758 0.788358244663067 0.28037605036643176 0.4707222457531438 0.3704408803686502 0.08905835838677256 0.7587813707655929 0.5517888106528543 0.9633471473282831 0.60127880557594 0.2533867754297511 0.7540018852613262 0.5021392362683161 0.4977987501148068 0.04799670427057545 0.3961684548698786 0.7782635069656139 0.21090493446376934 0.9047927391168394 0.7792473152024025 0.8743349329824802 0.36499014974001454 0.4413207305013196 0.21846058038051608 0.4214513339587127 0.45978967646834434 0.9458441204910106 0.022500449241809717 0.16375459821829952 0.014404702717232265 0.521007706194409 0.7092779818013557 0.6154337442618016 0.998289236860415 0.820821987295608 0.21998462603948243 0.7177003084322788 0.5448255500939045 0.3647125390926068 0.4857290927872735 0.7865809821582667 0.5571929021815504
0.013683572025747215 0.44871382114245595 0.8174324650080784 0.01730366922328197 0.4171127367460856 0.840533018869611 0.8890448549923482 0.20388171641939978 60.94124232170283 0.828135752481649 0.0337940464695482 0.811745372177416 0.0891722681188456 0.9885052805143079 0.617191314134453 0.22036025598412257 0.14051641732634135 0.34337449615233373 0.6690753034650139 0.9085078044838034 0.5613445292913706 0.3496574127323072 0.9089630661535464 0.8031560938053549 0.7296102127407404 0.5300388228580266 0.84143461098927 0.661907920933285 0.16838375169489417 0.4025103063401366 0.9539254267392098 0.2650355628814325 0.2765665379786245 0.6992665852853294 0.6580442001698533 0.0018223492216949966 0.8807052159088048 0.983544533925731 0.3449403448894961 0.6112782909040665 0.9571001168889038 0.27866473435041006 0.9141883679051123 0.402814891663967 0.5326528919448348 0.7919809880319145 0.4439909772412861 0.9983686008512223 0.4909845948225561 0.2448914168342592 0.3027433450472031 0.6453997139017198 0.12292976018793533 0.18231154635974822 0.861932083139577 0.3116493386072938 0.6544772880598713 0.9979498291110817 0.26813428844360765 0.2737888797839322 0.6614906241707744 0.03394493877431881 0.7739601765302724 0.027260520594362347 0.6542068977332465 0.019095778689679155 0.6449100805504034 0.521931897090582 0.8558345763490379 0.20763825443989614 0.5475041505235017 0.465896080278805 0.34254697303529114 0.27711168320101875 0.6659572581054015 0.1552695360594738 0.033447106892187994 0.20727038932761288 0.24247127414641645 0.21251241004126353 0.80367691090873 0.9402432813211016 0.491305618421108 0.9902934539758356 0.23130177606745728 0.42062298736838966 0.8400088273017559 0.6617868387336295 0.8432961698888478 0.3256213960951917 0.16034883391457666 0.5028783250538751 0.3846551941582096 0.19221819282069097 0.7837774125503527 0.21380864489724194 0.2778595773279897 0.5462167075867969 0.30062495858488625 0.12247030825429595 0.2467211633801364 0.9360875017112112 0.022151016375523747 0.14541067705996258 0.05039652573553244 0.9726002181544892 0.4286426832045548 0.8390204398444052 0.0517987229688579 0.0682151639426567 0.3945400138649455 0.5016823805008551 0.40700578277598476 0.7765442235870309 0.9512003664839506 0.4006161932849094 0.3894208922678115 0.027318156699175034 0.683181560360562 0.061560737485793826 0.02243651371580979 0.8344668467993618 0.7643965916681066 0.3722190328372702 0.22217030541862226 0.6963103544658529 0.0996735537593405 0.3840050872311639
0.7265462027520447 0.24026022184411988 0.7010921897690847 0.3173771688615187 0.031682078909142986 0.17304684362387224 0.8810328014974278 0.17697637022811474 0.828135752481649 63.56673870339748 0.9423480784388051 0.04102536229345344 0.7190900894056763 0.9700642479837859 0.4606307221302356 0.6045987438420184 0.3991795466874608 0.4750328090832837 0.7160757408514375 0.4748119627856996 0.6576436193635042 0.5888026096940522 0.2923129010501565 0.14594008636168987 0.2411803739974412 0.9267501482466097 0.986056487777056 0.21209711901433148 0.865422536935314 0.882136253880892 0.07722657033835989 0.16527189343861226 0.7615229953269201 0.5390306436266344 0.6423458862046527 0.7946730073931821 0.7701936272436637 0.9173052564566305 0.8809976498556197 0.046996881992402484 0.7298577238652195 0.403492776666903 0.9174292948077558 0.2010553952678007 0.3389113342454153 0.1591821831029644 0.8287286024745089 0.4532931417009607 0.21195545905528124 0.11440740822926287 0.23391807597053416 0.7524636921816267 0.4585784297603631 0.6635238513917958 0.946118459141535 0.22165804458212246 0.9407547779154831 0.49120788448756947 0.30249698513571976 0.02332383274155192 0.8736436676479533 0.11610961970008049 0.0074053586764319945 0.4327473524869684 0.5259591588988428 0.9135193068642016 0.6802079411175734 0.8455478387268466 0.3877859137956168 0.6273004320323398 0.40958642462214545 0.936467307619973 0.39081016490657283 0.6484392456846736 0.45423305490640864 0.18727269992574058 0.23291356491548343 0.21682086809751222 0.27863420535003836 0.8524664850023255 0.02287359541221512 0.488191752543392 0.42994124414406143 0.5311863555006288 0.7253423482064532 0.6759613391534167 0.45686145556263913 0.2500425034584193 0.5207112475638492 0.6456331864067469 0.7276156894887531 0.8565004724773856 0.11768406918203289 0.7577574624738248 0.8390453376997713 0.43221499684317877 0.4942121021305954 0.1896784448678599 0.9241622828064726 0.21575330804513848 0.1486152710331209 0.5061345810600882 0.09094946227944412 0.26642791339558713 0.8304095895888798 0.264447958702938 0.7075200155859935 0.7665048740763399 0.6722946704701236 0.7330887831484096 0.08895055847766131 0.8025063712554797 0.6195197933826287 0.402939965947401 0.28224750196585524 0.4027817834220404 0.9112300791182798 0.5523473923992935 0.444828973100193 0.008275026934489449 0.12546180324903533 0.7143575919991626 0.4546886260208699 0.30656518301815894 0.8619140808060375 0.10902523071521708 0.4691861539834097 0.038008828925859106
0.03530764291081223 0.294173453809783 0.48690438845076 0.9892698868950448 0.7853671303060408 0.30285645765977043 0.8472550110546568 0.4182074772295846 0.0337940464695482 0.9423480784388051 65.86456778853358 0.349507879636779 0.05631215392593292 0.4081485183528446 0.9435203892216099 0.8121231856459771 0.2775049418249421 0.04396894918405281 0.9348682475997262 0.25061465193228283 0.4985189571598875 0.8470169215630159 0.509348495146512 0.2501041582231087 0.5920524831246805 0.9368532857254638 0.06403361074340341 0.1517373795968665 0.9258008729614637 0.5288058357014098 0.16457484119678267 0.9787377549508468 0.6522394195310816 0.14738484113230432 0.49151206488151855 0.07565481800639695 0.9847678094931499 0.8257842568246092 0.9023545912140515 0.5901734051800274 0.08723646800608187 0.892912137945376 0.965686441169185 0.08537143124839497 0.38394898090099505 0.7955505936244358 0.9171800031421447 0.7037278954061321 0.1737181891225621 0.6880457702076951 0.7379392635761685 0.7546230917037803 0.005207259997119795 0.43506152415410837 0.3834683616867779 0.24004693507262664 0.8929892903945155 0.5563860227718669 0.07064701050173583 0.9148816366831257 0.7933569679972198 0.179606635866972 0.7702149284635236 0.285005720238395 0.33213369267297166 0.14037381549520656 0.33477861438346257 0.32241948466700765 0.4666892895966239 0.048708543188829556 0.4929444708834345 0.7972522382327096 0.9319735532090795 0.3260138567930061 0.525332853427797 0.362233871817323 0.3558388319815107 0.3402355764975906 0.8905861559522924 0.5472081391599273 0.6279439780168241 0.736591199294511 0.9351936360677355 0.6661325194754004 0.7667663996705084 0.6511064222300011 0.8388790129336612 0.5426483958128377 0.7096475248290735 0.36228387796355754 0.5085383597473807 0.9976883914221918 0.08065922787969981 0.1653352750535818 0.125444613898537 0.8304169811340241 0.5657816609794283 0.43844211519981513 0.7302452033533473 0.22291069052187662 0.4962522356694846 0.20523933279643802 0.7754988517990475 0.8763755599905995 0.968506068131972 0.22972086333574515 0.7732326474151138 0.6513314799259016 0.45292433543000143 0.006353959173581614 0.4332392217229212 0.26054371202288684 0.5397133615477979 0.04266366332368443 0.4814945511943943 0.7236695060782954 0.41187278651256976 0.3499790211638798 0.7966743150623365 0.2747500009015247 0.6644367658079158 0.15271713348059046 0.390793460296719 0.5435791881474291 0.6504359652354162 0.10396271617346975 0.8655492348850282 0.9823585250795813
0.32756810710186013 0.6856659490494214 0.0555754947613174 0.8786472850898265 0.9502741730012525 0.9786960731513836 0.06295304235886878 0.1975067825438369 0.811745372177416 0.04102536229345344 0.349507879636779 62.8852799414717 0.7237329423025078 0.9844501091896043 0.17813306860803424 0.02093543776492257 0.6070071349877151 0.9083989086939841 0.7658360776887152 0.08167627031998037 0.9585978942065588 0.11154588331462323 0.5278592959951713 0.33773286187325335 0.6665864359678172 0.9324227689177735 0.23847512689532802 0.9486455224674984 0.6376418764038869 0.7785415154182604 0.7533136981136396 0.10425507396648048 0.882414326972419 0.24472040634537573 0.1397767050233223 0.12880288670650375 0.7188810924712471 0.8491122307585403 0.8895459790386432 0.5491640415773201 0.024974937839344125 0.6248139373313089 0.7880165873736865 0.895204809259905 0.3969993663423069 0.37282590315894104 0.4366380701139678 0.9415900873490969 0.9389115116396943 0.2722718271881004 0.4850807158065805 0.9800040086130065 0.1224450093212468 0.3081176360792728 0.8274753839237484 0.010040958420561186 0.4096676861382371 0.8325566092322843 0.1693547585637254 0.29724615117370756 0.06400528093208635 0.7312389387697478 0.16408310199443277 0.010404819167953216 0.3019154088146804 0.6430904869338564 0.9442627296611478 0.13017090120288943 0.053150420535955756 0.29046423772534535 0.1823435257226036 0.6228624080011786 0.39713386284131946 0.9103065712977931 0.8580553938752159 0.5099572443910565 0.604005552054148 0.01055282458535689 0.7553811009726044 0.33141947988785936 0.2996701760091026 0.7595771130379004 0.2902615400565224 0.2517702980821892 0.6103869320826161 0.566154517843619 0.3776525421791542 0.12247467032090809 0.9338403887506199 0.5706000701802577 0.10415590796032825 0.7157980844921442 0.5996426055852846 0.8554855194223001 0.8682307965520876 0.1468348756945791 0.7010652530597639 0.5703537874026678 0.33713220039448766 0.8089188826286146 0.33604553147272553 0.973725978742593 0.24282488487238496 0.9591473999202357 0.3523083308988142 0.23619644581873678 0.8264546781975101 0.2019675224385521 0.2550600745237567 0.11466637885944131 0.16399375780024605 0.6854263681398012 0.9475000494290728 0.15143217861365388 0.08305948757196646 0.6923531349697346 0.7178635482762232 0.7039514462407255 0.09685398661685551 0.018507307357229053 0.016972045346511422 0.6628393238443459 0.5041305661397972 0.7035231821289802 0.5418368003278343 0.8922369716016312 0.6349790879282668 0.022005974268435202
0.9414165801584292 0.4938687777262861 0.6617285880220088 0.8915432050202807 0.6552373786636029 0.1357644725901651 0.2604320055697996 0.8107407126200532 0.0891722681188456 0.7190900894056763 0.05631215392593292 0.7237329423025078 60.95690086547248 0.4291999212820172 0.8089974044033904 0.9319468858666571 0.7599579974721994 0.592929906920713 0.7742510103077881 0.1369885420108755 0.12454279962294768 0.42720993311916566 0.17973202856668358 0.9211033512031517 0.36429248685772986 0.4536225337751073 0.10855271906819264 0.5918169750493857 0.489786413539127 0.17146344769624866 0.6431826666846275 0.5155128338340308 0.6353483830755849 0.7082821277364407 0.970856104066888 0.09356031613464755 0.7325624184290139 0.6277382238726776 0.3043514477753927 0.72629413769115 0.6174068798614315 0.3279660757103642 0.9226901080059449 0.7895079169243022 0.021748809984134865 0.2765985714794339 0.9655128227738095 0.5071566002542404 0.5086637095765637 0.5018899115911722 0.057467790140767194 0.7151790829438456 0.23261902118130873 0.4105103994618845 0.2223533801445834 0.06408650277263117 0.44213366785470787 0.6164834555710412 0.11134924344261687 0.5263730060226126 0.0860030345540217 0.4047109010606519 0.1972243557900134 0.8493683578282945 0.9074117662316152 0.3344521039966115 0.6158644184499432 0.6911592959984058 0.26377557088632086 0.7487412005412185 0.3400288625645107 0.48281130498962466 0.035212604072946796 0.6924902224272548 0.959387310538677 0.7969510485275901 0.6509377563715271 0.11199882403016015 0.4735494648783427 0.5594996248982586 0.23274788644350397 0.70567929110727 0.6769718352454652 0.24905089584703888 0.4286261710647761 0.054209195313318914 0.2583176005308765 0.49334088084417893 0.4232949979358671 0.16847881552023114 0.03505465471332192 0.9619530635683782 0.33131453587046955 0.07764856199056658 0.22818405228266458 0.22077822882762033 0.4737823507285823 0.7982533903583489 0.9280259016631366 0.558143994328313 0.559105970844766 0.3900843844363179 0.2799667185766255 0.2683149146315864 0.7564383636515519 0.5534333740938644 0.15567299998480566 0.9738693699445561 0.7685231181348681 0.978203715760646 0.5413057436516426 0.819010856847874 0.0623152997752382 0.1566735293255912 0.3588196858444884 0.990352254439481 0.1589868375839255 0.5755936605284612 0.3680843003204418 0.4669189977990814 0.974860487031115 0.3282623744807056 0.22724259291849747 0.048140175992969714 0.6999687379910479 0.12081121020739416 0.13782518575306002 0.2308625262191346
0.18783591873831706 0.3203351798742151 0.7935924661742854 0.41989995550499937 0.7982493709119677 0.1598108332958348 0.5276014810645824 0.8321588088231441 0.9885052805143079 0.9700642479837859 0.4081485183528446 0.9844501091896043 0.4291999212820172 68.05528752097244 0.9930606321394172 0.7935892918104572 0.1842204534807529 0.7384807372488515 0.9149986323210758 0.7728513600783008 0.7203716000216169 0.5473146588255983 0.6031169018123533 0.8876844310319697 0.8313965460047924 0.7272135240860288 0.7684521496233986 0.7610258068305332 0.6257014880461041 0.13099025509268625 0.8189798546318041 0.7279330957679467 0.23655988358237512 0.9092744869585895 0.4993291232137752 0.08903855142646555 0.22409725086642118 0.41162041351159895 0.7697037036980394 0.7364467828887767 0.9126401474914573 0.30168067134478904 0.7300606532555787 0.9535091424916518 0.8072054635606271 0.4044086519689569 0.07593720004577731 0.08307345565185498 0.4892808289513324 0.666764404031571 0.3740150750644864 0.32506367938587843 0.14815743116290658 0.8500153736666972 0.6761300533488994 0.24067914634294363 0.8009472058888609 0.2445144870861301 0.9076397061043713 0.5292568784002045 0.014997318341409716 0.08685472619584644 0.4523807667109393 0.020947837364193256 0.06215993269210618 0.8837500623533212 0.8588579251312972 0.974725578412281 0.7850520547187152 0.4956530804249899 0.2917674947517751 0.5228768873131042 0.22177687254708212 0.6932634115674374 0.5840292197018473 0.5912304442648715 0.6697019338360335 0.2134096216206831 0.09631229819598564 0.11876975452855887 0.47089374806932216 0.1337009619005325 0.11420305407652642 0.8961369880390295 0.784862498716134 0.013390290287712325 0.9015058678776118 0.5587806252879429 0.5694348444799859 0.6395921549980056 0.4752641093823565 0.9018408897852548 0.42419638118967873 0.8765516856826722 0.43774029609781473 0.11973950279048928 0.642818010595342 0.5082606998429555 0.09908693359800003 0.01254518903895463 0.24685599343158948 0.5274954586525721 0.2964551906871504 0.022136481000855412 0.3911072095490803 0.6973803024537929 0.9934194124897828 0.4768997435666955 0.6222494509619546 0.6209414184779666 0.3573075014085517 0.12682848590804596 0.8490207191638157 0.034003323687940235 0.6332317100716498 0.06851381748884633 0.5169291479251111 0.7209260044336455 0.8025548646081309 0.8525240460828029 0.9869169440412624 0.7829866470160204 0.7183905057478801 0.009676260690657412 0.9199886399606554 0.8213346610352943 0.8706715081070747 0.10419675796019545
0.31770023404194536 0.14997825422551947 0.4912887159072812 0.44072314726004236 0.5702712776230738 0.2812130118964635 0.23426753576697446 0.19608712130353134 0.617191314134453 0.4606307221302356 0.9435203892216099 0.17813306860803424 0.8089974044033904 0.9930606321394172 60.32420265975653 0.26464307081548577 0.1397020685542142 0.008379881349452889 0.7356641916363216 0.2525839525072715 0.10825011267297102 0.5380876999883666 0.32120155719692256 0.11276825556727654 0.32130683466722265 0.5561061306496271 0.7476944038389766 0.3034806275184544 0.40991340836503065 0.3286973828501819 0.8654701327027771 0.4266054580994948 0.12165504007600358 0.8254235995672028 0.37245885465851847 0.10147202302277936 0.5663134657975397 0.36972685851892395 0.45146786910174697 0.5305522927354719 0.2713525919492673 0.41551467708773115 0.26970503177548666 0.7606889300424657 0.9764418810343821 0.9637076738674712 0.8103670493206611 0.08114314124321254 0.9094712345869063 0.07897715658237647 0.010445375206416752 0.43952806900524766 0.49988457638530315 0.9923741694689265 0.7272966294236571 0.80686874819701 0.802123390880284 0.5310713140374093 0.687795445588182 0.7340535209059358 0.28936832126163137 0.22109144139519943 0.7988970370539946 0.4986275670148316 0.5723247022763276 0.29727235654299977 0.059817066778836026 0.6951147312581887 0.2143099151491047 0.06669298524219092 0.14118274656550867 0.8410696903698401 0.09932335713470486 0.0182194451642419 0.44794681911940404 0.5435172958582855 0.8019254019368246 0.9484519488447201 0.7820232373305278 0.4601954043762114 0.5430120866445356 0.2883756724474742 0.33365070027006904 0.8049933391668102 0.9509288602994415 0.03156983400928037 0.8983558554185925 0.3002048395163217 0.7556059822535356 0.6150239197017048 0.9858283935405625 0.47690991237142355 0.8501643427774438 0.7960138635444935 0.6832630628620769 0.29965793556442866 0.02590695948437527 0.07859197062271472 0.611416987685116 0.6806190227345749 0.7966096436363889 0.45196307647337175 0.1909575374523501 0.9571655985699034 0.11131141968714131 0.4347925796926987 0.5448458898182712 0.32491284001428355 0.25788441204545076 0.8327574693179902 0.9891263749765116 0.42011417030890574 0.12649599266344902 0.27521164447610136 0.006250069265837155 0.9969278898657797 0.760406854386154 0.8944747739909588 0.1463769643412317 0.14530841949270268 0.08792039487235204 0.274975050577583 0.2105356026408962 0.13102816026388564 0.7337824637524091 0.4983837283342757 0.5088082185069659 0.1749118010356001
0.42242877321967265 0.5717629493011148 0.15599258952912576 0.367581287464968 0.6938678834936806 0.7613812396150531 0.47391233110109976 0.8050281173336703 0.22036025598412257 0.6045987438420184 0.8121231856459771 0.02093543776492257 0.9319468858666571 0.7935892918104572 0.26464307081548577 63.41934704378365 0.09421034118366867 0.663719366580151 0.16543552556836238 0.9726361608142037 0.6333669501946292 0.8650612757839037 0.09137763609759897 0.8108852730734464 0.6464876570562084 0.1869315671653018 0.6007595964818474 0.5396207929373652 0.6062844273654279 0.587155716478709 0.5652517009459962 0.35864633276751123 0.33133651618793514 0.6817721952967809 0.18495658849998353 0.18672800771972964 0.7110187148480986 0.43629358321553124 0.3087384134263217 0.6312562787458224 0.19774036113900118 0.7568839707320536 0.27588021542737995 0.6624264297717991 0.5698273329358167 0.2255426026192262 0.3812356261999107 0.9380526179096041 0.13323200608896313 0.19802233748015796 0.48793886557016175 0.3423115191464591 0.23265665686402537 0.7342735832038088 0.8738725722627502 0.41992579858065904 0.3659086851137031 0.5423116531110456 0.7318717759061656 0.010340297055718595 0.5846053165744638 0.9762826226713458 0.3901939545296169 0.9682330275589546 0.28174095637341534 0.36219486670026657 0.5465761578875787 0.8059818955859664 0.1798167249075291 0.9327863797912903 0.3319665518342543 0.7794138321889603 0.0963689288875802 0.3755178902458184 0.3496016773767274 0.8677869297771685 0.838185006207397 0.0690011866423853 0.8425676198147087 0.04658410661007428 0.938254021558152 0.5112077357995123 0.6152024302367037 0.7314994831896808 0.6834857765266287 0.28917649191782613 0.9603034823699274 0.24402644328738343 0.8291627407515987 0.9272397859361253 0.641940212179223 0.04260222681641357 0.6371159680813722 0.6513269926695856 0.5354134641067069 0.025108013248203553 0.14992959027885544 0.01605604278600592 0.108612040823022 0.21103321800290298 0.7549019083212989 0.881582247332258 0.7670783895539505 0.26657736682621613 0.03839759790698549 0.6798651174788009 0.9898540963249949 0.8212474478937529 0.0004222702188553251 0.10240714982066657 0.3222639755848936 0.6816550472612326 0.9561487254437234 0.3674391879379776 0.8877137951857677 0.47300001983987405 0.46872515541643367 0.897429986495703 0.20512957764913353 0.7665769210337765 0.3525974816632106 0.8427908416129148 0.4008573006360596 0.4145703697016271 0.2608611767934854 0.10150463668211829 0.3107578636843499 0.1915520284112885
